127
220
774
983
345
194
940
47
159
480
338
253
642
554
146
51
743
916
215
818
877
244
18
56
758
128
67
37
438
181
373
939
13
508
770
44
749
565
452
607
435
681
950
496
620
647
824
882
4
43
792
790
688
238
664
532
145
241
395
687
762
964
833
526
554
755
228
521
177
499
395
825
679
932
455
462
526
323
510
269
328
128
168
494
323
713
835
395
128
820
821
69
499
998
866
227
810
814
390
625
783
328
871
372
532
945
53
403
342
461
319
987
735
884
420
261
268
303
980
426
221
934
589
426
760
242
84
641
465
943
591
369
102
497
233
644
348
721
978
250
783
995
935
610
809
578
605
629
354
545
950
425
119
868
895
368
872
287
852
749
775
667
102
941
32
697
456
919
201
970
392
559
331
623
40
237
773
20
730
843
854
136
495
496
839
672
910
942
546
178
840
759
757
887
217
331
63
265
749
760
144
778
542
696
531
761
999
459
806
794
957
607
839
462
1
580
96
955
54
940
294
499
837
196
646
241
584
210
748
821
425
679
717
539
156
272
526
745
784
574
618
745
68
86
780
351
492
235
946
937
526
469
91
703
799
255
583
718
799
48
436
159
24
39
707
122
92
842
851
285
164
67
268
714
181
155
398
99
863
671
661
742
69
759
290
685
160
389
562
507
236
500
249
394
675
217
157
297
239
828
470
172
126
322
237
525
703
903
772
736
379
28
870
951
1
230
790
619
386
153
631
123
142
22
307
348
715
2
626
405
663
723
69
232
564
593
751
218
550
376
684
535
421
914
935
396
490
803
447
30
778
306
334
757
968
759
208
191
562
263
693
280
10
520
595
525
203
224
345
537
604
589
227
791
471
180
593
212
72
464
745
130
529
147
410
885
955
655
754
341
829
846
720
429
155
402
42
803
783
123
697
663
427
770
659
824
363
961
835
128
435
79
704
390
35
118
737
138
975
845
930
593
691
739
860
445
101
683
499
215
490
474
686
197
223
863
498
256
772
949
40
23
433
458
48
374
443
642
528
403
617
271
129
521
507
476
314
688
126
995
433
260
634
712
722
404
50
278
883
524
956
934
361
717
369
664
625
816
461
219
782
188
523
562
634
117
686
796
846
203
185
724
232
992
585
742
313
689
280
893
168
645
753
577
356
22
515
580
61
949
411
777
974
232
974
157
339
679
806
544
530
895
561
705
996
467
947
408
890
338
313
303
787
234
824
453
874
42
886
724
688
86
538
255
4
363
730
686
734
955
981
839
771
950
760
153
573
461
992
212
874
500
538
327
340
772
141
322
186
717
266
307
696
448
563
462
397
611
111
589
126
536
479
470
556
511
662
858
855
410
340
287
1000
424
546
751
962
120
736
671
375
620
485
555
559
243
490
158
742
567
343
1000
121
497
594
564
968
598
925
615
311
625
895
611
887
948
589
331
911
288
691
489
961
11
938
261
695
994
661
408
393
993
136
864
350
287
758
482
939
282
626
925
786
738
12
483
862
224
295
50
433
450
383
301
792
129
361
610
380
118
60
173
416
684
526
320
445
871
913
987
262
108
168
920
531
410
947
238
27
715
631
612
857
210
975
457
174
743
860
234
916
762
876
157
782
578
960
328
269
121
129
642
856
766
426
561
502
286
518
219
584
424
108
194
948
121
159
651
257
946
177
532
43
868
296
897
813
114
633
536
394
462
474
474
258
17
144
72
892
196
48
999
404
381
254
453
512
451
155
717
666
208
225
225
610
518
573
113
886
846
77
415
823
759
125
879
402
865
592
633
927
613
545
841
849
376
313
767
250
195
947
652
388
671
851
182
481
500
324
301
366
298
997
632
975
458
746
775
613
975
455
310
905
353
127
432
844
949
218
744
855
351
776
902
904
697
870
469
707
147
90
576
818
82
353
673
909
982
95
17
873
354
994
252
483
531
706
843
196
620
798
972
368
426
890
891
571
666
333
675
938
410
139
768
437
252
706
725
799
368
907
51
324
269
433
125
221
766
920
749
170
380
237
14
782
211
533
811
261
24
56
466
88
187
522
768
759
917
797
795
668
163
995
817
36
420
621
803
369
633
310
904
305
422
794
670
892
794
185
643
241
581
391
407
256
908
379
121
596
98
388
91
358
563
630
911
7
364
921
303
910
370
756
856
488
126
756
463
395
825
63
450
305
58
251
16
881
356
496
872
239
847
347
650
766
802
157
993
426
185
364
978
845
829
149
919
274
299
656
405
252
35
858
902
163
888
387
88
161
753
109
658
903
597
988
204
311
800
863
438
